NS 100
8224
UHF 4,4,5,7
LHF 7,5,5,6
PHF 4,7,8,2
2335
UHF 4,4,5,7
LHF 7,5,5,6
PHF 4,7,8,2
7113
UHF 4,4,5,7
LHF 7,5,5,6
PHF 4,7,8,2
3713
UHF 4,4,5,7
LHF 7,5,5,6
PHF 4,7,8,2
0550
UHF 4,4,5,7
LHF 7,5,5,6
PHF 4,7,8,2
2338
UHF 4,4,5,7
LHF 7,5,5,6
PHF 4,7,8,2
6006
UHF 4,4,5,7
LHF 7,5,5,6
PHF 4,7,8,2
5669
UHF 4,4,5,7
LHF 7,5,5,6
PHF 4,7,8,2
7883
UHF 4,4,5,7
LHF 7,5,5,6
PHF 4,7,8,2
3579
UHF 4,4,5,7
LHF 7,5,5,6
PHF 4,7,8,2
0550
UHF 4,4,5,7
LHF 7,5,5,6
PHF 4,7,8,2
1550
UHF 4,4,5,7
LHF 7,5,5,6
PHF 4,7,8,2
2335
UHF 4,4,5,7
LHF 7,5,5,6
PHF 4,7,8,2
2602
UHF 4,4,5,7
LHF 7,5,5,6
PHF 4,7,8,2
4558
UHF 4,4,5,7
LHF 7,5,5,6
PHF 4,7,8,2
1591
UHF 4,4,5,7
LHF 7,5,5,6
PHF 4,7,8,2
8003
UHF 4,4,5,7
LHF 7,5,5,6
PHF 4,7,8,2
6772
UHF 4,4,5,7
LHF 7,5,5,6
PHF 4,7,8,2
5935
UHF 4,4,5,7
LHF 7,5,5,6
PHF 4,7,8,2
7913
UHF 4,4,5,7
LHF 7,5,5,6
PHF 4,7,8,2
2376
UHF 4,4,5,7
LHF 7,5,5,6
PHF 4,7,8,2
2770
UHF 4,4,5,7
LHF 7,5,5,6
PHF 4,7,8,2
8268
UHF 4,4,5,7
LHF 7,5,5,6
PHF 4,7,8,2
4883
UHF 4,4,5,7
LHF 7,5,5,6
PHF 4,7,8,2
0558
UHF 4,4,5,7
LHF 7,5,5,6
PHF 4,7,8,2
7913
UHF 4,4,5,7
LHF 7,5,5,6
PHF 4,7,8,2
5773
UHF 4,4,5,7
LHF 7,5,5,6
PHF 4,7,8,2
4550
UHF 4,4,5,7
LHF 7,5,5,6
PHF 4,7,8,2
2662
UHF 4,4,5,7
LHF 7,5,5,6
PHF 4,7,8,2
5669
UHF 4,4,5,7
LHF 7,5,5,6
PHF 4,7,8,2
8268
UHF 4,4,5,7
LHF 7,5,5,6
PHF 4,7,8,2
0113
UHF 4,4,5,7
LHF 7,5,5,6
PHF 4,7,8,2
0440
UHF 4,4,5,7
LHF 7,5,5,6
PHF 4,7,8,2
4662
UHF 4,4,5,7
LHF 7,5,5,6
PHF 4,7,8,2
7117
UHF 4,4,5,7
LHF 7,5,5,6
PHF 4,7,8,2
1357
UHF 4,4,5,7
LHF 7,5,5,6
PHF 4,7,8,2
2570
UHF 4,4,5,7
LHF 7,5,5,6
PHF 4,7,8,2
5991
UHF 4,4,5,7
LHF 7,5,5,6
PHF 4,7,8,2
7225
UHF 4,4,5,7
LHF 7,5,5,6
PHF 4,7,8,2
4550
UHF 4,4,5,7
LHF 7,5,5,6
PHF 4,7,8,2
9173
UHF 4,4,5,7
LHF 7,5,5,6
PHF 4,7,8,2
4662
UHF 4,4,5,7
LHF 7,5,5,6
PHF 4,7,8,2
4792
UHF 4,4,5,7
LHF 7,5,5,6
PHF 4,7,8,2
9339
UHF 4,4,5,7
LHF 7,5,5,6
PHF 4,7,8,2
6117
UHF 4,4,5,7
LHF 7,5,5,6
PHF 4,7,8,2
4792
UHF 4,4,5,7
LHF 7,5,5,6
PHF 4,7,8,2
6710
UHF 4,4,5,7
LHF 7,5,5,6
PHF 4,7,8,2
6006
UHF 4,4,5,7
LHF 7,5,5,6
PHF 4,7,8,2
1427
UHF 4,4,5,7
LHF 7,5,5,6
PHF 4,7,8,2
9114
UHF 4,4,5,7
LHF 7,5,5,6
PHF 4,7,8,2
9173
UHF 4,4,5,7
LHF 7,5,5,6
PHF 4,7,8,2
4954
UHF 4,4,5,7
LHF 7,5,5,6
PHF 4,7,8,2
7228
UHF 4,4,5,7
LHF 7,5,5,6
PHF 4,7,8,2
9113
UHF 4,4,5,7
LHF 7,5,5,6
PHF 4,7,8,2
8224
UHF 4,4,5,7
LHF 7,5,5,6
PHF 4,7,8,2
4628
UHF 4,4,5,7
LHF 7,5,5,6
PHF 4,7,8,2
0449
UHF 4,4,5,7
LHF 7,5,5,6
PHF 4,7,8,2
2661
UHF 4,4,5,7
LHF 7,5,5,6
PHF 4,7,8,2
9043
UHF 4,4,5,7
LHF 7,5,5,6
PHF 4,7,8,2
1357
UHF 4,4,5,7
LHF 7,5,5,6
PHF 4,7,8,2
8194
UHF 4,4,5,7
LHF 7,5,5,6
PHF 4,7,8,2
1335
UHF 4,4,5,7
LHF 7,5,5,6
PHF 4,7,8,2
9003
UHF 4,4,5,7
LHF 7,5,5,6
PHF 4,7,8,2
1224
UHF 4,4,5,7
LHF 7,5,5,6
PHF 4,7,8,2
2446
UHF 4,4,5,7
LHF 7,5,5,6
PHF 4,7,8,2
2602
UHF 4,4,5,7
LHF 7,5,5,6
PHF 4,7,8,2
8194
UHF 4,4,5,7
LHF 7,5,5,6
PHF 4,7,8,2
1551
UHF 4,4,5,7
LHF 7,5,5,6
PHF 4,7,8,2
6884
UHF 4,4,5,7
LHF 7,5,5,6
PHF 4,7,8,2
4824
UHF 4,4,5,7
LHF 7,5,5,6
PHF 4,7,8,2
8224
UHF 4,4,5,7
LHF 7,5,5,6
PHF 4,7,8,2
7992
UHF 4,4,5,7
LHF 7,5,5,6
PHF 4,7,8,2
9449
UHF 4,4,5,7
LHF 7,5,5,6
PHF 4,7,8,2
2468
UHF 4,4,5,7
LHF 7,5,5,6
PHF 4,7,8,2
6972
UHF 4,4,5,7
LHF 7,5,5,6
PHF 4,7,8,2
6002
UHF 4,4,5,7
LHF 7,5,5,6
PHF 4,7,8,2
4680
UHF 4,4,5,7
LHF 7,5,5,6
PHF 4,7,8,2
8338
UHF 4,4,5,7
LHF 7,5,5,6
PHF 4,7,8,2
1621
UHF 4,4,5,7
LHF 7,5,5,6
PHF 4,7,8,2
2336
UHF 4,4,5,7
LHF 7,5,5,6
PHF 4,7,8,2
8991
UHF 4,4,5,7
LHF 7,5,5,6
PHF 4,7,8,2
3517
UHF 4,4,5,7
LHF 7,5,5,6
PHF 4,7,8,2
7083
UHF 4,4,5,7
LHF 7,5,5,6
PHF 4,7,8,2
9005
UHF 4,4,5,7
LHF 7,5,5,6
PHF 4,7,8,2
8991
UHF 4,4,5,7
LHF 7,5,5,6
PHF 4,7,8,2
8024
UHF 4,4,5,7
LHF 7,5,5,6
PHF 4,7,8,2
4558
UHF 4,4,5,7
LHF 7,5,5,6
PHF 4,7,8,2
0316
UHF 4,4,5,7
LHF 7,5,5,6
PHF 4,7,8,2
8994
UHF 4,4,5,7
LHF 7,5,5,6
PHF 4,7,8,2
7228
UHF 4,4,5,7
LHF 7,5,5,6
PHF 4,7,8,2
2770
UHF 4,4,5,7
LHF 7,5,5,6
PHF 4,7,8,2
8398
UHF 4,4,5,7
LHF 7,5,5,6
PHF 4,7,8,2
2732
UHF 4,4,5,7
LHF 7,5,5,6
PHF 4,7,8,2
2770
UHF 4,4,5,7
LHF 7,5,5,6
PHF 4,7,8,2
8932
UHF 4,4,5,7
LHF 7,5,5,6
PHF 4,7,8,2
6006
UHF 4,4,5,7
LHF 7,5,5,6
PHF 4,7,8,2
8227
UHF 4,4,5,7
LHF 7,5,5,6
PHF 4,7,8,2
1621
UHF 4,4,5,7
LHF 7,5,5,6
PHF 4,7,8,2
2732
UHF 4,4,5,7
LHF 7,5,5,6
PHF 4,7,8,2
3449
UHF 4,4,5,7
LHF 7,5,5,6
PHF 4,7,8,2
