NS 100
3384
UHF +5,0,+3,+3
LHF +9,+2,+4,+5
PHF +6,+6,+1,+5
1985
UHF +5,0,+3,+3
LHF +9,+2,+4,+5
PHF +6,+6,+1,+5
4432
UHF +5,0,+3,+3
LHF +9,+2,+4,+5
PHF +6,+6,+1,+5
0458
UHF +5,0,+3,+3
LHF +9,+2,+4,+5
PHF +6,+6,+1,+5
7382
UHF +5,0,+3,+3
LHF +9,+2,+4,+5
PHF +6,+6,+1,+5
5786
UHF +5,0,+3,+3
LHF +9,+2,+4,+5
PHF +6,+6,+1,+5
5580
UHF +5,0,+3,+3
LHF +9,+2,+4,+5
PHF +6,+6,+1,+5
3564
UHF +5,0,+3,+3
LHF +9,+2,+4,+5
PHF +6,+6,+1,+5
2230
UHF +5,0,+3,+3
LHF +9,+2,+4,+5
PHF +6,+6,+1,+5
4458
UHF +5,0,+3,+3
LHF +9,+2,+4,+5
PHF +6,+6,+1,+5
4258
UHF +5,0,+3,+3
LHF +9,+2,+4,+5
PHF +6,+6,+1,+5
1348
UHF +5,0,+3,+3
LHF +9,+2,+4,+5
PHF +6,+6,+1,+5
9367
UHF +5,0,+3,+3
LHF +9,+2,+4,+5
PHF +6,+6,+1,+5
9126
UHF +5,0,+3,+3
LHF +9,+2,+4,+5
PHF +6,+6,+1,+5
0474
UHF +5,0,+3,+3
LHF +9,+2,+4,+5
PHF +6,+6,+1,+5
8096
UHF +5,0,+3,+3
LHF +9,+2,+4,+5
PHF +6,+6,+1,+5
8213
UHF +5,0,+3,+3
LHF +9,+2,+4,+5
PHF +6,+6,+1,+5
3904
UHF +5,0,+3,+3
LHF +9,+2,+4,+5
PHF +6,+6,+1,+5
1102
UHF +5,0,+3,+3
LHF +9,+2,+4,+5
PHF +6,+6,+1,+5
4435
UHF +5,0,+3,+3
LHF +9,+2,+4,+5
PHF +6,+6,+1,+5
3568
UHF +5,0,+3,+3
LHF +9,+2,+4,+5
PHF +6,+6,+1,+5
3324
UHF +5,0,+3,+3
LHF +9,+2,+4,+5
PHF +6,+6,+1,+5
2230
UHF +5,0,+3,+3
LHF +9,+2,+4,+5
PHF +6,+6,+1,+5
4459
UHF +5,0,+3,+3
LHF +9,+2,+4,+5
PHF +6,+6,+1,+5
3564
UHF +5,0,+3,+3
LHF +9,+2,+4,+5
PHF +6,+6,+1,+5
9723
UHF +5,0,+3,+3
LHF +9,+2,+4,+5
PHF +6,+6,+1,+5
1326
UHF +5,0,+3,+3
LHF +9,+2,+4,+5
PHF +6,+6,+1,+5
6030
UHF +5,0,+3,+3
LHF +9,+2,+4,+5
PHF +6,+6,+1,+5
0834
UHF +5,0,+3,+3
LHF +9,+2,+4,+5
PHF +6,+6,+1,+5
2490
UHF +5,0,+3,+3
LHF +9,+2,+4,+5
PHF +6,+6,+1,+5
2679
UHF +5,0,+3,+3
LHF +9,+2,+4,+5
PHF +6,+6,+1,+5
4612
UHF +5,0,+3,+3
LHF +9,+2,+4,+5
PHF +6,+6,+1,+5
2030
UHF +5,0,+3,+3
LHF +9,+2,+4,+5
PHF +6,+6,+1,+5
7541
UHF +5,0,+3,+3
LHF +9,+2,+4,+5
PHF +6,+6,+1,+5
0654
UHF +5,0,+3,+3
LHF +9,+2,+4,+5
PHF +6,+6,+1,+5
9146
UHF +5,0,+3,+3
LHF +9,+2,+4,+5
PHF +6,+6,+1,+5
9767
UHF +5,0,+3,+3
LHF +9,+2,+4,+5
PHF +6,+6,+1,+5
2019
UHF +5,0,+3,+3
LHF +9,+2,+4,+5
PHF +6,+6,+1,+5
3120
UHF +5,0,+3,+3
LHF +9,+2,+4,+5
PHF +6,+6,+1,+5
4475
UHF +5,0,+3,+3
LHF +9,+2,+4,+5
PHF +6,+6,+1,+5
0874
UHF +5,0,+3,+3
LHF +9,+2,+4,+5
PHF +6,+6,+1,+5
6834
UHF +5,0,+3,+3
LHF +9,+2,+4,+5
PHF +6,+6,+1,+5
2696
UHF +5,0,+3,+3
LHF +9,+2,+4,+5
PHF +6,+6,+1,+5
6837
UHF +5,0,+3,+3
LHF +9,+2,+4,+5
PHF +6,+6,+1,+5
2670
UHF +5,0,+3,+3
LHF +9,+2,+4,+5
PHF +6,+6,+1,+5
1129
UHF +5,0,+3,+3
LHF +9,+2,+4,+5
PHF +6,+6,+1,+5
1925
UHF +5,0,+3,+3
LHF +9,+2,+4,+5
PHF +6,+6,+1,+5
8813
UHF +5,0,+3,+3
LHF +9,+2,+4,+5
PHF +6,+6,+1,+5
7104
UHF +5,0,+3,+3
LHF +9,+2,+4,+5
PHF +6,+6,+1,+5
2497
UHF +5,0,+3,+3
LHF +9,+2,+4,+5
PHF +6,+6,+1,+5
0651
UHF +5,0,+3,+3
LHF +9,+2,+4,+5
PHF +6,+6,+1,+5
3568
UHF +5,0,+3,+3
LHF +9,+2,+4,+5
PHF +6,+6,+1,+5
2213
UHF +5,0,+3,+3
LHF +9,+2,+4,+5
PHF +6,+6,+1,+5
8252
UHF +5,0,+3,+3
LHF +9,+2,+4,+5
PHF +6,+6,+1,+5
4878
UHF +5,0,+3,+3
LHF +9,+2,+4,+5
PHF +6,+6,+1,+5
4015
UHF +5,0,+3,+3
LHF +9,+2,+4,+5
PHF +6,+6,+1,+5
1125
UHF +5,0,+3,+3
LHF +9,+2,+4,+5
PHF +6,+6,+1,+5
1106
UHF +5,0,+3,+3
LHF +9,+2,+4,+5
PHF +6,+6,+1,+5
8213
UHF +5,0,+3,+3
LHF +9,+2,+4,+5
PHF +6,+6,+1,+5
7902
UHF +5,0,+3,+3
LHF +9,+2,+4,+5
PHF +6,+6,+1,+5
3101
UHF +5,0,+3,+3
LHF +9,+2,+4,+5
PHF +6,+6,+1,+5
1706
UHF +5,0,+3,+3
LHF +9,+2,+4,+5
PHF +6,+6,+1,+5
7548
UHF +5,0,+3,+3
LHF +9,+2,+4,+5
PHF +6,+6,+1,+5
2896
UHF +5,0,+3,+3
LHF +9,+2,+4,+5
PHF +6,+6,+1,+5
9347
UHF +5,0,+3,+3
LHF +9,+2,+4,+5
PHF +6,+6,+1,+5
0898
UHF +5,0,+3,+3
LHF +9,+2,+4,+5
PHF +6,+6,+1,+5
5160
UHF +5,0,+3,+3
LHF +9,+2,+4,+5
PHF +6,+6,+1,+5
3508
UHF +5,0,+3,+3
LHF +9,+2,+4,+5
PHF +6,+6,+1,+5
8659
UHF +5,0,+3,+3
LHF +9,+2,+4,+5
PHF +6,+6,+1,+5
4679
UHF +5,0,+3,+3
LHF +9,+2,+4,+5
PHF +6,+6,+1,+5
4812
UHF +5,0,+3,+3
LHF +9,+2,+4,+5
PHF +6,+6,+1,+5
5509
UHF +5,0,+3,+3
LHF +9,+2,+4,+5
PHF +6,+6,+1,+5
6834
UHF +5,0,+3,+3
LHF +9,+2,+4,+5
PHF +6,+6,+1,+5
0617
UHF +5,0,+3,+3
LHF +9,+2,+4,+5
PHF +6,+6,+1,+5
7384
UHF +5,0,+3,+3
LHF +9,+2,+4,+5
PHF +6,+6,+1,+5
1145
UHF +5,0,+3,+3
LHF +9,+2,+4,+5
PHF +6,+6,+1,+5
9504
UHF +5,0,+3,+3
LHF +9,+2,+4,+5
PHF +6,+6,+1,+5
8876
UHF +5,0,+3,+3
LHF +9,+2,+4,+5
PHF +6,+6,+1,+5
7501
UHF +5,0,+3,+3
LHF +9,+2,+4,+5
PHF +6,+6,+1,+5
7541
UHF +5,0,+3,+3
LHF +9,+2,+4,+5
PHF +6,+6,+1,+5
4058
UHF +5,0,+3,+3
LHF +9,+2,+4,+5
PHF +6,+6,+1,+5
8812
UHF +5,0,+3,+3
LHF +9,+2,+4,+5
PHF +6,+6,+1,+5
7368
UHF +5,0,+3,+3
LHF +9,+2,+4,+5
PHF +6,+6,+1,+5
6454
UHF +5,0,+3,+3
LHF +9,+2,+4,+5
PHF +6,+6,+1,+5
9140
UHF +5,0,+3,+3
LHF +9,+2,+4,+5
PHF +6,+6,+1,+5
7545
UHF +5,0,+3,+3
LHF +9,+2,+4,+5
PHF +6,+6,+1,+5
7541
UHF +5,0,+3,+3
LHF +9,+2,+4,+5
PHF +6,+6,+1,+5
1565
UHF +5,0,+3,+3
LHF +9,+2,+4,+5
PHF +6,+6,+1,+5
4692
UHF +5,0,+3,+3
LHF +9,+2,+4,+5
PHF +6,+6,+1,+5
1389
UHF +5,0,+3,+3
LHF +9,+2,+4,+5
PHF +6,+6,+1,+5
0651
UHF +5,0,+3,+3
LHF +9,+2,+4,+5
PHF +6,+6,+1,+5
2470
UHF +5,0,+3,+3
LHF +9,+2,+4,+5
PHF +6,+6,+1,+5
7121
UHF +5,0,+3,+3
LHF +9,+2,+4,+5
PHF +6,+6,+1,+5
5923
UHF +5,0,+3,+3
LHF +9,+2,+4,+5
PHF +6,+6,+1,+5
2437
UHF +5,0,+3,+3
LHF +9,+2,+4,+5
PHF +6,+6,+1,+5
5760
UHF +5,0,+3,+3
LHF +9,+2,+4,+5
PHF +6,+6,+1,+5
6030
UHF +5,0,+3,+3
LHF +9,+2,+4,+5
PHF +6,+6,+1,+5
1708
UHF +5,0,+3,+3
LHF +9,+2,+4,+5
PHF +6,+6,+1,+5
8615
UHF +5,0,+3,+3
LHF +9,+2,+4,+5
PHF +6,+6,+1,+5
8036
UHF +5,0,+3,+3
LHF +9,+2,+4,+5
PHF +6,+6,+1,+5
